7150897065592212738
6899834170273565953
7011435179386473729
6910183977336737026
6922044558796688641
6913156216885677314
7218246776027909378
6926466787420753154
7315039732914785544
7142800527775108354
6958109562851396865
7129138478553550081
7116760712021593345
7278352708464299271
6975164348067040513
7016656732659125505
7147700409551817985
7060416584648609025
7213732941346737410
7117269993443708161
7259174324748242178
7137337162336324865
7206259264606752002
7314618370555481362
7055919433650392321
6978202497806585090
7312038318902873352
7136524652901403905
7235558508047928577
7316470711483206930
7306774411154099474
6934313548432575746
7119036367123827969
7222277750818688257
7110582790806097154
7235988355865939201
7150630024985545986
7306136455443909906
7065283543148088578
6899822322920787201
6897963462434049282
7304596979332549896
7128330108766604545
7295230345102773522
6973454753984531713
6929500279897361665
7156096704503090433
7163815489167281409
7079401115825097986
7042722187131784449
7023218984317226241
7275962504210140424
7078570008820911362
7287665926370004232
7158777120922029314
6905008395309485314
7147625948806958338
7067147791998438658
7042725926655905025
7160074839179545858
7164028765629205762
7314235007705402642
7232268084063620353
6991802226637278466
7079116873018674433
6991807392807701762
6935898640783265025
7043988011511565570
7135347533529828609
7092069748049071361
7172626017146768642
7209312332793548033
7288716078815988999
7042034334152314114
7287144890062884104
6995889997811289345
7092061720126049537
7207822232633085186
6976150631081872642
7150631986447633665
7257300820318850306
7149511705884708098
7192244627469012226
7205199153771695361
7158420883067931905
7135023436384062722
7122855221331627265
7248510206030957825
6904990872996203778
7194014626856586498
7109667529571831042
7097254911825464578
6936973627594247425
6955092487715196161
6908002376947354881
7204110130072259842
7117267860526730497
7073536336271052033
7127589383049432321
7210433606634851586
6973456750007635201
6958987198511303937
7223748948874267905
7072036276031032578
7016027045583015170
7036696571160907010
6951434925430115585
7235208363536125186
7109932383939398913
7178929651044093185
7213729723220806913
7055931609911921922
6958924342134656257
6997370379874372865
6936541966192676097
6995209311458823426
7090229608452312322
7152595833681218818
7127590015483268353
7259265005688818945
7060432607741267201
7194111024943860993
6984059933075459329
7292368604098563336
7199862717107195137
7317278193185049874
6935874755698412801
7082659771173588226
7180353741017664769
7016047997494594817
7099086120742407425
7058681406272146689
7149122263734865153
6935997629016968449
7264528307440372993
7041978906613779713
7091382199957589250
7234835625311096065
7126428160882658562
7257544085110557953
7129137447488818433
7261058934402796801
6905013217274137858
6987343350395325698
7034128653923519745
7132597980237925633
7040433872642854146
7297704491917249810
7235240786500062465
7106377037119507713
7008101589864975617
7182362435632827649
6969974767139032321
7311262674921229576
7136832117744487681
7290837037115018504
7177814899698027777
6976149303723052289
7143819499580542209
7248206653890284802
6903177614337395970
7053352115053268225
7043101249943784705
7203139400471989506
7144225557264223490
6904265899759373570
7018206023156534529
7242868193579027713
6976769578978282753
7065594013323201793
7203188165828545794
7155939827601394945
7180958149388668161
7237155570560584961
7220509581548522753
7125733853234269441
6992935172295494914
7103530071733980417
6973453353925856514
7286990833537027346
7111683158201863425
7036695094510062850
7073533608870399233
7234823884074241281
7232582391808756993
6930643939783462146
7165699400717618434
6996689152817286401
7218261983873731841
7031993516913904897
6900011096480976129
7181797534665379073
7005090565410819329
6897972995638267137
6903172438108982530
7162046990363249921
7097262073213684994
7227875834147704065
7174754031359773954
7141289548440505602
7103519599504788737
7289807394966686994
7205030611646418177
6984060695012773121
6987347213152292097
7137780858546703618
6906525980651785473
7218282720860900609
7166016348882095361
7275377938923605255
7222948213492354306
7140558757855038722
7053322432135974145
6984059510268628225
7100454307119549698
7257284858710478081
7131706993789750530
7128687169496993026
7212877188947791105
7218531191903882498
7190245688901373186
7192233904978283777
6912819016390233345
7215491679875386625
6986335278159908098
7165747073281690881
6926866673748200705
7215479471116143873
7149122939303005442
7286991778773830930
7193978656451005698
7137335743298505985
7099378460568702209
7317372042536357128
7135070101446872321
7193301948484013314
6934307141520084226
7016747521259162881
7279204771267906824
7143827988256214273
7014838864535637250
7124592662304312577
6935267698913873154
7107829296546221314
6903535952296267010
7185365408201936129
7016046591165402369
7092317967429438721
7317281602122419464
7180812825240046849
7257849787737722113
7192452928177851649
7160078187538484481
7216704336678751490
7202420211373329665
7088348045363956994
7259458210707311873
7153306040514235649
7185165325992873218
7209367856063057154
6998042557112421633
6988939817891433730
7188399647705091330
6903530232234659073
7286576764497726738
7086698783953800450
6997693167667563777
7169195412635553025
7065294325977992450
7279203069475228935
7245235173472750850
7113365553036741890
7108175671632989441
6998154354746346754
7317373664716918034
7167225554989616385
7192239645013445889
7149512640606309634
7298692128446614792
7075606585548016898
6936519828538739970
6958982089215577345
6949536065778650370
7119680504231644417
7053353166695337218
7051946413969640705
7154364663369616642
6922069398593277185
7003473197744065794
7162052750635699458
7215475584695160066
7200448291471985921
7065282086038523138
7137687820532976897
7177819310251838721
6917272169974222081
7200920313146723586
6903185459678170369
7222666763492740354
7016048106819095809
7228462323277630721
6986327834516098305
7063747732510477570
6953274359284780289
7223289554847943937
6903530895358119169
7073535868811644161
7040440063695555842
6903508940466703617
6958926576310439170
7301193830403968274
7128330035848662274
7140478527236771074
7194002132364709122
7257284552454950146
6958924665049926914
7133187975965412609
7056760178108124418
7304601786445253906
7197635946651667714
7140478042060672258
7108338410124741889
7139448143657209089
6976134670513655042
7009471471038876929
7030062761832926466
7158414047950425346
7259694250328100098
7142782588984265985
7131091521515883778
7148746621512158466
7185164414658661633
7158825537115294977
7154770235441024257
7261492321223576834
7187999139135786242
7113368308962954497
7191367630006062337
7153306645785840897
7248498221163564290
7008100919502064898
7163816104471661826
7222676772762946817
7092065213868002561
7142788446958947586
6985195302848449793